,revisions
2007-05-03,1
2010-04-10,1
2011-10-20,1
2012-05-08,1
2012-12-11,1
