,revisions
2003-03-10,2
2003-03-17,1
2004-03-06,1
2004-03-13,1
2004-05-05,1
2004-05-16,3
2004-07-09,1
2004-12-13,3
2005-03-03,1
2005-04-08,1
2005-04-22,1
2005-11-03,1
2005-11-06,1
2005-11-08,3
2005-11-18,1
2005-12-17,2
2006-02-24,1
2006-07-04,1
2006-07-11,1
2006-08-03,1
2006-10-05,6
2007-01-23,1
2007-02-14,1
2007-02-15,1
2007-04-11,1
2007-04-29,1
2007-05-27,1
2008-04-11,1
2008-05-06,1
2008-06-12,1
2008-08-05,2
2009-05-17,2
2009-07-23,1
2009-07-24,1
2009-08-20,1
2009-08-28,1
2009-10-26,1
2009-12-20,1
2010-03-23,1
2010-06-04,2
2010-06-11,1
2010-11-13,1
2011-04-05,3
2011-07-26,1
2011-09-09,2
2011-10-16,2
2012-03-26,1
2012-04-14,1
2012-04-30,1
2012-06-13,6
2012-06-14,1
2012-09-13,2
2013-03-16,5
2013-06-09,1
2013-07-24,1
2013-10-08,1
2014-03-17,1
2014-06-10,1
